Procs Time
Procs Time
Procs Time
Procs Time
Procs Time
Procs Time
Procs Time
Procs Time
Procs Time
8 0.0013
Procs Time
8 0.0013
Procs Time
8 0.0013
Procs Time
8 0.0013
Procs Time
8 0.0013
Procs Time
8 0.0013
Procs Time
8 0.0013
Procs Time
8 0.0013
Procs Time
8 0.0013
Procs Time
8 0.0013
9 0.0014
Procs Time
8 0.0013
9 0.0014
Procs Time
8 0.0013
9 0.0014
Procs Time
8 0.0013
9 0.0014
Procs Time
8 0.0013
9 0.0014
Procs Time
8 0.0013
9 0.0014
Procs Time
8 0.0013
9 0.0014
Procs Time
8 0.0013
9 0.0014
Procs Time
8 0.0013
9 0.0014
Procs Time
8 0.0013
9 0.0014
Procs Time
8 0.0013
9 0.0014
10 0.0014
Procs Time
8 0.0013
9 0.0014
10 0.0014
Procs Time
8 0.0013
9 0.0014
10 0.0014
Procs Time
8 0.0013
9 0.0014
10 0.0014
Procs Time
8 0.0013
9 0.0014
10 0.0014
Procs Time
8 0.0013
9 0.0014
10 0.0014
Procs Time
8 0.0013
9 0.0014
10 0.0014
Procs Time
8 0.0013
9 0.0014
10 0.0014
Procs Time
8 0.0013
9 0.0014
10 0.0014
Procs Time
8 0.0013
9 0.0014
10 0.0014
Procs Time
8 0.0013
9 0.0014
10 0.0014
Procs Time
8 0.0013
9 0.0014
10 0.0014
11 0.0018
Procs Time
8 0.0013
9 0.0014
10 0.0014
11 0.0018
Procs Time
8 0.0013
9 0.0014
10 0.0014
11 0.0018
Procs Time
8 0.0013
9 0.0014
10 0.0014
11 0.0018
Procs Time
8 0.0013
9 0.0014
10 0.0014
11 0.0018
Procs Time
8 0.0013
9 0.0014
10 0.0014
11 0.0018
Procs Time
8 0.0013
9 0.0014
10 0.0014
11 0.0018
Procs Time
8 0.0013
9 0.0014
10 0.0014
11 0.0018
Procs Time
8 0.0013
9 0.0014
10 0.0014
11 0.0018
Procs Time
8 0.0013
9 0.0014
10 0.0014
11 0.0018
Procs Time
8 0.0013
9 0.0014
10 0.0014
11 0.0018
Procs Time
8 0.0013
9 0.0014
10 0.0014
11 0.0018
Procs Time
8 0.0013
9 0.0014
10 0.0014
11 0.0018
12 0.0022
Procs Time
8 0.0013
9 0.0014
10 0.0014
11 0.0018
12 0.0022
Procs Time
8 0.0013
9 0.0014
10 0.0014
11 0.0018
12 0.0022
Procs Time
8 0.0013
9 0.0014
10 0.0014
11 0.0018
12 0.0022
Procs Time
8 0.0013
9 0.0014
10 0.0014
11 0.0018
12 0.0022
Procs Time
8 0.0013
9 0.0014
10 0.0014
11 0.0018
12 0.0022
Procs Time
8 0.0013
9 0.0014
10 0.0014
11 0.0018
12 0.0022
Procs Time
8 0.0013
9 0.0014
10 0.0014
11 0.0018
12 0.0022
Procs Time
8 0.0013
9 0.0014
10 0.0014
11 0.0018
12 0.0022
Procs Time
8 0.0013
9 0.0014
10 0.0014
11 0.0018
12 0.0022
Procs Time
8 0.0013
9 0.0014
10 0.0014
11 0.0018
12 0.0022
Procs Time
8 0.0013
9 0.0014
10 0.0014
11 0.0018
12 0.0022
Procs Time
8 0.0013
9 0.0014
10 0.0014
11 0.0018
12 0.0022
Procs Time
8 0.0013
9 0.0014
10 0.0014
11 0.0018
12 0.0022
13 0.0023
Procs Time
8 0.0013
9 0.0014
10 0.0014
11 0.0018
12 0.0022
13 0.0023
Procs Time
8 0.0013
9 0.0014
10 0.0014
11 0.0018
12 0.0022
13 0.0023
Procs Time
8 0.0013
9 0.0014
10 0.0014
11 0.0018
12 0.0022
13 0.0023
Procs Time
8 0.0013
9 0.0014
10 0.0014
11 0.0018
12 0.0022
13 0.0023
Procs Time
8 0.0013
9 0.0014
10 0.0014
11 0.0018
12 0.0022
13 0.0023
Procs Time
8 0.0013
9 0.0014
10 0.0014
11 0.0018
12 0.0022
13 0.0023
Procs Time
8 0.0013
9 0.0014
10 0.0014
11 0.0018
12 0.0022
13 0.0023
Procs Time
8 0.0013
9 0.0014
10 0.0014
11 0.0018
12 0.0022
13 0.0023
Procs Time
8 0.0013
9 0.0014
10 0.0014
11 0.0018
12 0.0022
13 0.0023
Procs Time
8 0.0013
9 0.0014
10 0.0014
11 0.0018
12 0.0022
13 0.0023
Procs Time
8 0.0013
9 0.0014
10 0.0014
11 0.0018
12 0.0022
13 0.0023
Procs Time
8 0.0013
9 0.0014
10 0.0014
11 0.0018
12 0.0022
13 0.0023
Procs Time
8 0.0013
9 0.0014
10 0.0014
11 0.0018
12 0.0022
13 0.0023
Procs Time
8 0.0013
9 0.0014
10 0.0014
11 0.0018
12 0.0022
13 0.0023
14 0.0022
